UVa Online Judge
List of Solved Problems
Last updated on 2019-01-13 at 22:50:07

Problems are separated by volume, organized into a grid for each.
Row is tens digit and column in ones digit.
A * next to the number indicates that the problem was solved.

Solved a total of 258 problems.

Volume   1: (30 / 100)

 *00 *01 *02 *03  04 *05 *06 *07 *08  09
  10 *11 *12 *13  14  15 *16  17 *18 *19
 *20  21 *22  23  24  25  26  27 *28  29
  30  31  32 *33  34  35 *36  37 *38  39
  40  41  42  43  44  45 *46 *47  48  49
  50 *51 *52  53  54  55 *56  57  58  59
 *60  61  62  63  64  65  66  67  68  69
  70  71  72  73  74  75  76  77  78  79
  80  81  82 *83  84  85  86  87  88  89
 *90 *91  92  93  94 *95  96  97  98  99

Volume   2: (11 / 100)

 *00  01  02  03  04  05  06  07  08  09
  10  11  12  13  14  15  16  17  18  19
 *20  21  22  23  24  25  26 *27  28  29
 *30  31  32  33  34  35  36  37  38  39
  40  41  42  43  44  45  46  47  48  49
  50  51  52  53  54  55 *56  57  58  59
  60  61  62  63 *64  65  66  67  68  69
  70  71 *72  73  74  75  76  77  78  79
 *80  81  82  83  84  85  86  87  88  89
 *90  91  92  93 *94  95  96  97  98 *99

Volume   3: (15 / 100)

  00  01  02  03  04 *05  06  07  08  09
  10 *11  12  13  14 *15  16  17  18  19
 *20  21  22  23 *24  25  26  27  28  29
  30  31  32  33  34  35 *36  37  38  39
  40  41  42  43 *44  45  46  47  48  49
 *50  51 *52  53  54  55  56 *57  58  59
  60  61  62  63  64  65  66  67  68 *69
  70 *71  72  73 *74  75  76  77  78  79
  80  81 *82  83  84  85  86  87  88  89
  90  91 *92  93  94  95  96  97  98  99

Volume   4: (33 / 100)

 *00 *01 *02 *03 *04  05 *06  07 *08 *09
  10  11 *12  13 *14  15  16 *17  18  19
  20  21  22  23 *24  25  26  27  28  29
  30  31  32  33  34  35  36  37 *38 *39
  40 *41 *42  43  44 *45  46  47  48  49
  50  51  52  53 *54 *55  56  57 *58 *59
  60  61  62  63  64 *65  66  67  68  69
  70  71  72  73  74  75 *76 *77  78  79
  80  81  82 *83 *84  85  86  87 *88 *89
 *90  91  92  93 *94 *95  96  97 *98 *99

Volume   5: (17 / 100)

  00  01  02  03  04  05  06  07  08  09
  10  11  12  13 *14  15  16  17  18  19
  20  21  22  23 *24  25  26  27  28  29
 *30  31  32  33  34  35  36  37  38  39
 *40 *41  42 *43  44  45  46  47 *48  49
  50  51  52  53  54  55  56  57 *58  59
  60  61 *62  63  64  65  66  67 *68  69
  70  71 *72 *73 *74 *75  76  77  78 *79
  80  81  82 *83  84  85  86  87  88  89
  90 *91  92  93  94  95  96  97  98  99

Volume   6: (10 / 100)

  00  01  02  03  04  05  06  07 *08  09
  10  11 *12  13  14  15  16  17  18  19
  20 *21  22 *23 *24  25  26  27  28  29
  30  31  32  33  34  35  36  37  38  39
  40  41  42  43  44  45  46  47  48  49
  50  51  52  53  54  55  56  57  58  59
  60 *61  62  63  64  65  66  67  68  69
  70  71  72 *73 *74  75  76  77  78  79
  80  81  82  83  84  85 *86  87  88  89
  90  91  92  93 *94  95  96  97  98  99

Volume   7: ( 8 / 100)

  00  01  02  03  04  05 *06  07  08  09
  10 *11 *12 *13  14  15  16  17  18  19
  20  21  22  23  24 *25  26  27  28  29
  30  31  32  33  34  35  36  37  38  39
  40  41  42  43  44  45  46  47  48  49
  50  51  52  53  54  55  56  57  58  59
  60  61  62  63  64  65  66  67  68  69
  70  71  72  73  74  75  76  77  78  79
  80  81  82  83 *84 *85  86  87  88  89
  90  91  92 *93  94  95  96  97  98  99

Volume   8: ( 4 / 100)

  00  01  02  03  04  05  06  07  08  09
  10  11  12  13  14  15  16  17  18  19
  20  21  22  23  24  25  26  27  28  29
  30  31  32  33 *34  35  36  37  38  39
  40  41  42  43  44  45 *46  47  48  49
  50  51  52  53  54  55  56  57  58  59
  60  61  62  63  64  65  66  67  68  69
  70  71  72  73  74  75  76  77  78  79
 *80  81  82  83 *84  85  86  87  88  89
  90  91  92  93  94  95  96  97  98  99

Volume   9: ( 3 / 100)

 *00  01  02  03  04  05  06  07  08  09
  10  11  12 *13  14  15  16  17  18  19
  20  21  22  23  24  25  26  27  28 *29
  30  31  32  33  34  35  36  37  38  39
  40  41  42  43  44  45  46  47  48  49
  50  51  52  53  54  55  56  57  58  59
  60  61  62  63  64  65  66  67  68  69
  70  71  72  73  74  75  76  77  78  79
  80  81  82  83  84  85  86  87  88  89
  90  91  92  93  94  95  96  97  98  99

Volume  11: ( 1 / 100)

  00  01  02  03  04  05  06  07  08  09
  10  11  12  13  14  15  16  17  18  19
  20  21  22  23 *24  25  26  27  28  29
  30  31  32  33  34  35  36  37  38  39
  40  41  42  43  44  45  46  47  48  49
  50  51  52  53  54  55  56  57  58  59
  60  61  62  63  64  65  66  67  68  69
  70  71  72  73  74  75  76  77  78  79
  80  81  82  83  84  85  86  87  88  89
  90  91  92  93  94  95  96  97  98  99

Volume  12: ( 1 / 100)

  00  01  02  03  04  05  06  07  08  09
  10  11  12  13  14  15  16  17  18  19
  20  21  22  23  24 *25  26  27  28  29
  30  31  32  33  34  35  36  37  38  39
  40  41  42  43  44  45  46  47  48  49
  50  51  52  53  54  55  56  57  58  59
  60  61  62  63  64  65  66  67  68  69
  70  71  72  73  74  75  76  77  78  79
  80  81  82  83  84  85  86  87  88  89
  90  91  92  93  94  95  96  97  98  99

Volume  15: ( 2 / 100)

  00  01  02  03  04  05  06  07  08  09
  10  11  12  13  14  15  16  17  18  19
  20  21  22  23  24  25  26  27  28  29
  30  31  32  33  34  35  36  37  38  39
  40  41  42  43  44  45  46  47  48  49
  50  51  52  53  54  55  56  57  58  59
  60  61  62  63  64  65  66  67  68  69
  70  71  72  73  74  75  76  77  78  79
  80  81  82 *83  84 *85  86  87  88  89
  90  91  92  93  94  95  96  97  98  99

Volume 100: (21 / 100)

  00  01  02 *03 *04  05 *06  07 *08  09
 *10  11  12 *13  14  15  16  17 *18 *19
  20  21  22  23  24  25  26  27  28  29
  30  31  32  33 *34 *35 *36  37 *38  39
  40 *41  42  43  44  45  46  47  48  49
 *50  51  52  53  54 *55  56  57  58  59
  60  61 *62  63  64  65 *66  67  68  69
  70 *71  72  73  74  75  76  77  78 *79
  80  81 *82  83  84  85  86  87  88  89
  90  91  92  93  94  95  96  97 *98  99

Volume 101: (11 / 100)

  00  01  02  03  04  05 *06 *07  08  09
 *10  11  12  13  14  15  16  17  18  19
  20  21  22  23  24  25 *26 *27  28  29
  30 *31  32  33  34  35  36 *37  38  39
  40  41  42  43  44  45  46  47  48  49
  50  51  52  53  54  55  56  57  58  59
  60 *61  62  63  64  65  66  67  68  69
  70  71  72  73  74  75  76  77  78  79
  80  81  82  83  84  85  86  87  88 *89
 *90  91 *92  93  94  95  96  97  98  99

Volume 102: ( 7 / 100)

  00  01  02  03  04  05  06  07  08  09
  10  11  12  13  14  15  16  17  18  19
 *20  21 *22  23  24  25 *26  27  28  29
  30  31  32  33  34 *35  36  37  38  39
  40  41  42  43  44  45  46  47  48  49
  50  51 *52  53  54  55  56  57  58  59
 *60  61  62  63  64  65  66  67 *68  69
  70  71  72  73  74  75  76  77  78  79
  80  81  82  83  84  85  86  87  88  89
  90  91  92  93  94  95  96  97  98  99

Volume 103: (11 / 100)

 *00  01 *02  03  04 *05  06  07  08  09
  10  11  12  13  14  15  16  17  18  19
  20  21  22 *23 *24  25  26 *27  28  29
  30  31  32  33  34  35  36  37  38  39
 *40 *41  42  43  44  45 *46  47  48  49
  50  51  52  53  54  55  56  57  58  59
  60  61  62  63  64  65  66  67  68  69
 *70  71  72  73  74  75  76  77  78  79
  80  81  82  83  84  85  86  87  88  89
  90  91  92  93 *94  95  96  97  98  99

Volume 104: ( 8 / 100)

  00  01  02  03  04 *05  06  07  08  09
  10  11  12  13  14  15  16  17  18  19
 *20  21  22  23 *24  25  26  27  28  29
  30  31 *32  33  34  35  36  37  38  39
  40  41  42  43  44  45  46  47  48  49
  50  51  52  53  54  55  56  57  58 *59
  60  61  62  63  64  65  66  67  68 *69
  70  71  72  73 *74  75  76  77  78  79
  80  81  82  83  84  85  86  87  88  89
  90  91  92  93  94  95  96  97  98 *99

Volume 105: ( 2 / 100)

  00  01  02  03  04  05  06  07  08  09
  10  11  12  13  14  15  16  17  18  19
  20  21  22  23  24  25  26  27  28  29
  30  31  32  33  34  35  36  37  38  39
  40  41  42  43  44  45  46  47  48  49
 *50  51  52  53  54  55  56  57  58  59
  60  61  62  63  64  65  66  67  68  69
  70  71  72  73  74  75  76  77  78  79
  80  81  82  83  84  85  86  87  88  89
  90 *91  92  93  94  95  96  97  98  99

Volume 106: ( 3 / 100)

  00  01  02  03  04  05  06  07  08  09
  10  11  12  13  14  15  16  17  18  19
  20  21  22  23  24  25  26  27  28  29
  30  31  32  33  34  35  36  37  38  39
  40  41  42  43  44  45  46  47  48  49
  50  51  52  53  54  55  56  57  58  59
  60  61  62  63  64  65  66  67  68  69
  70  71  72  73  74  75  76  77  78  79
  80  81  82  83 *84  85  86  87  88  89
  90  91  92  93  94  95 *96  97  98 *99

Volume 107: ( 2 / 100)

  00  01  02  03  04  05  06  07  08  09
  10  11  12  13  14  15  16  17  18 *19
  20  21  22  23  24  25  26  27  28  29
  30  31  32  33  34  35  36  37  38  39
  40  41  42  43  44  45  46  47  48  49
  50  51  52  53  54  55  56  57  58  59
  60  61  62  63  64  65  66  67  68  69
  70  71  72  73  74  75  76  77  78  79
  80  81  82 *83  84  85  86  87  88  89
  90  91  92  93  94  95  96  97  98  99

Volume 108: ( 4 / 100)

  00  01  02  03  04  05  06  07  08  09
 *10  11 *12  13  14 *15  16  17  18  19
  20  21  22  23  24  25  26  27  28  29
  30  31  32  33  34  35  36  37  38  39
  40  41  42  43  44  45  46  47  48  49
  50  51  52  53  54  55  56  57  58  59
  60  61  62  63  64  65  66  67  68  69
  70  71  72  73  74  75  76  77 *78  79
  80  81  82  83  84  85  86  87  88  89
  90  91  92  93  94  95  96  97  98  99

Volume 109: (10 / 100)

  00  01  02  03  04  05  06  07  08  09
  10  11  12  13  14  15  16  17  18  19
  20 *21 *22  23 *24  25  26  27  28 *29
  30 *31  32  33  34 *35  36  37  38  39
  40  41  42  43  44 *45  46  47  48  49
  50  51  52  53 *54  55  56  57  58  59
  60  61  62  63  64  65  66  67  68  69
 *70  71  72  73  74  75  76  77  78  79
  80  81  82  83  84  85 *86  87  88  89
  90  91  92  93  94  95  96  97  98  99

Volume 110: ( 3 / 100)

 *00  01  02  03  04  05  06  07  08  09
  10  11  12  13  14  15  16  17  18  19
  20  21  22  23  24  25  26  27  28  29
  30  31  32  33  34  35  36  37  38  39
  40  41  42  43 *44  45  46  47  48  49
  50  51  52  53  54  55  56 *57  58  59
  60  61  62  63  64  65  66  67  68  69
  70  71  72  73  74  75  76  77  78  79
  80  81  82  83  84  85  86  87  88  89
  90  91  92  93  94  95  96  97  98  99

Volume 111: ( 4 / 100)

  00  01  02  03  04  05  06  07  08  09
  10  11  12  13  14  15  16  17  18  19
  20  21  22  23  24  25  26  27  28  29
  30  31  32  33  34  35  36  37  38  39
  40  41  42  43  44  45  46  47  48  49
 *50  51  52  53  54  55  56  57  58  59
  60  61  62  63  64  65  66  67  68  69
  70  71 *72  73  74  75  76  77  78  79
  80  81  82  83  84 *85  86  87  88  89
  90  91 *92  93  94  95  96  97  98  99

Volume 112: ( 2 / 100)

  00  01  02  03  04  05  06  07  08  09
  10  11  12  13  14  15  16  17  18  19
  20  21  22  23  24  25  26  27  28  29
  30  31  32  33  34  35  36  37  38  39
  40  41  42  43  44  45  46  47  48  49
  50  51  52  53  54  55  56  57  58  59
  60  61  62  63  64  65  66  67  68  69
  70  71  72  73  74  75  76  77  78  79
  80  81  82  83  84  85  86  87  88  89
  90  91 *92  93  94  95  96 *97  98  99

Volume 113: ( 4 / 100)

  00  01  02  03  04  05  06  07  08  09
  10  11  12  13  14  15  16  17  18  19
  20  21  22  23  24  25  26  27  28  29
  30  31 *32  33  34  35  36  37  38  39
 *40  41  42  43  44  45  46  47  48  49
  50  51  52  53  54  55  56  57  58  59
  60  61  62  63 *64  65  66  67  68  69
  70  71  72  73  74  75  76  77  78  79
  80  81  82  83  84  85  86  87 *88  89
  90  91  92  93  94  95  96  97  98  99

Volume 114: ( 5 / 100)

  00  01  02  03  04  05  06  07  08  09
  10  11  12  13  14  15  16 *17  18  19
  20  21  22  23  24  25  26  27  28  29
  30  31  32  33  34  35  36  37  38  39
  40  41  42  43  44  45  46  47  48  49
  50  51  52  53  54  55  56  57  58  59
  60 *61 *62  63  64  65  66  67  68  69
  70  71  72  73  74  75  76  77  78 *79
  80  81  82  83  84  85  86  87  88  89
  90  91  92  93  94  95  96  97 *98  99

Volume 115: ( 3 / 100)

  00  01  02  03  04  05  06  07  08  09
  10  11  12  13  14  15  16  17  18  19
  20  21  22  23  24  25  26  27  28  29
 *30  31  32  33  34  35  36  37  38  39
  40  41  42  43  44  45  46 *47  48  49
  50  51  52  53  54  55  56  57  58 *59
  60  61  62  63  64  65  66  67  68  69
  70  71  72  73  74  75  76  77  78  79
  80  81  82  83  84  85  86  87  88  89
  90  91  92  93  94  95  96  97  98  99

Volume 116: ( 1 / 100)

  00  01  02  03  04  05  06  07  08  09
  10  11  12  13  14  15  16  17  18  19
  20  21  22  23  24  25  26  27  28  29
  30  31  32  33  34  35 *36  37  38  39
  40  41  42  43  44  45  46  47  48  49
  50  51  52  53  54  55  56  57  58  59
  60  61  62  63  64  65  66  67  68  69
  70  71  72  73  74  75  76  77  78  79
  80  81  82  83  84  85  86  87  88  89
  90  91  92  93  94  95  96  97  98  99

Volume 117: ( 4 / 100)

  00  01  02  03  04  05  06  07  08  09
  10  11  12  13  14  15  16  17  18  19
  20  21  22  23  24  25  26 *27  28  29
  30  31  32  33  34  35  36  37  38  39
  40  41  42  43  44  45  46  47  48  49
  50  51  52  53  54  55  56  57  58  59
  60  61  62  63 *64  65  66  67  68  69
  70  71  72  73  74  75  76 *77  78  79
  80  81  82  83  84  85  86  87  88  89
  90  91  92  93  94  95  96  97  98 *99

Volume 118: ( 4 / 100)

  00  01  02  03  04 *05  06  07  08  09
  10  11  12  13  14  15  16  17  18  19
  20  21  22  23  24  25  26  27  28  29
  30  31  32  33  34  35  36  37  38  39
  40  41  42  43  44  45  46  47  48 *49
  50  51  52  53 *54  55  56  57  58  59
  60  61  62  63  64  65  66  67  68  69
  70  71  72  73  74 *75  76  77  78  79
  80  81  82  83  84  85  86  87  88  89
  90  91  92  93  94  95  96  97  98  99

Volume 119: ( 3 / 100)

  00  01  02  03  04  05  06  07  08  09
  10  11  12  13  14  15  16  17  18  19
  20  21  22  23  24  25  26  27  28  29
  30  31  32  33  34  35  36  37  38  39
  40  41 *42  43  44  45  46  47  48  49
  50  51  52  53  54  55  56  57  58  59
  60  61  62  63  64  65  66  67  68  69
  70  71  72  73  74  75  76  77  78  79
  80  81  82  83 *84  85  86  87 *88  89
  90  91  92  93  94  95  96  97  98  99

Volume 120: ( 1 / 100)

  00  01  02  03  04  05  06  07  08  09
  10  11  12  13  14 *15  16  17  18  19
  20  21  22  23  24  25  26  27  28  29
  30  31  32  33  34  35  36  37  38  39
  40  41  42  43  44  45  46  47  48  49
  50  51  52  53  54  55  56  57  58  59
  60  61  62  63  64  65  66  67  68  69
  70  71  72  73  74  75  76  77  78  79
  80  81  82  83  84  85  86  87  88  89
  90  91  92  93  94  95  96  97  98  99

Volume 121: ( 1 / 100)

  00  01  02  03  04  05  06  07  08  09
  10  11  12  13  14  15  16  17  18  19
  20  21  22  23  24  25  26  27  28  29
  30  31  32  33  34  35  36  37  38  39
  40  41  42  43  44  45  46  47  48  49
  50  51  52  53  54  55  56  57  58  59
  60  61  62  63  64  65  66  67  68 *69
  70  71  72  73  74  75  76  77  78  79
  80  81  82  83  84  85  86  87  88  89
  90  91  92  93  94  95  96  97  98  99

Volume 122: ( 3 / 100)

  00  01  02  03  04  05  06  07  08  09
  10  11  12  13  14  15  16  17  18  19
  20  21  22  23  24  25  26  27  28  29
  30  31  32  33  34  35  36  37  38  39
  40  41  42  43  44  45  46  47  48  49
 *50  51  52  53  54  55  56  57  58  59
  60  61  62  63  64  65  66  67  68  69
  70  71  72  73  74  75  76  77  78 *79
  80  81  82  83  84  85  86  87  88 *89
  90  91  92  93  94  95  96  97  98  99

Volume 123: ( 3 / 100)

  00  01  02  03  04  05  06  07  08  09
  10  11  12  13  14  15  16  17  18  19
  20  21  22  23  24  25  26  27  28  29
  30  31  32  33  34  35  36  37  38  39
  40  41  42  43  44  45  46 *47  48  49
  50  51  52  53  54  55  56  57  58  59
  60  61  62  63  64  65  66  67  68  69
  70  71 *72  73  74  75 *76  77  78  79
  80  81  82  83  84  85  86  87  88  89
  90  91  92  93  94  95  96  97  98  99

Volume 124: ( 2 / 100)

  00  01  02 *03  04  05  06  07  08  09
  10  11  12  13  14  15  16  17  18  19
  20  21  22  23  24  25  26  27  28  29
  30  31  32  33  34  35  36  37  38  39
  40  41  42  43  44  45  46  47  48  49
  50  51  52  53  54  55  56  57  58  59
  60  61  62  63  64  65  66  67 *68  69
  70  71  72  73  74  75  76  77  78  79
  80  81  82  83  84  85  86  87  88  89
  90  91  92  93  94  95  96  97  98  99

Volume 125: ( 1 / 100)

  00  01  02  03  04  05  06  07  08  09
  10  11  12  13  14  15  16  17  18  19
  20  21  22  23  24  25  26  27  28  29
  30  31  32  33  34  35  36  37  38  39
  40  41  42  43  44  45  46  47  48  49
  50  51  52  53  54  55  56  57  58  59
  60  61  62  63  64  65  66  67  68  69
  70  71  72  73  74  75  76 *77  78  79
  80  81  82  83  84  85  86  87  88  89
  90  91  92  93  94  95  96  97  98  99

