10 10
900 18 17 16 15 14 13 12 11 10
901 19 18 17 16 15 14 13 12 11
902 20 19 18 17 16 15 14 13 12
903 21 20 19 18 17 16 15 14 13
904 22 21 20 19 18 17 16 15 14
905 23 22 21 20 19 18 17 16 15
906 24 23 22 21 20 19 18 17 16
907 25 24 23 22 21 20 19 18 17
908 26 25 24 23 22 21 20 19 18
909 27 26 25 24 23 22 21 20 19
20 10
100 101 102 103 104 105 106 107 108 109
101 102 103 104 105 106 107 108 109 110
102 103 104 105 106 107 108 109 110 111
103 104 105 106 107 108 109 110 111 112
104 105 106 107 108 109 110 111 112 113
105 106 107 108 109 110 111 112 113 114
106 107 108 109 110 111 112 113 114 115
107 108 109 110 111 112 113 114 115 116
108 109 110 111 112 113 114 115 116 117
109 110 111 112 113 114 115 116 117 118
110 111 112 113 114 115 116 117 118 119
111 112 113 114 115 116 117 118 119 120
112 113 114 115 116 117 118 119 120 121
113 114 115 116 117 118 119 120 121 122
114 115 116 117 118 119 120 121 122 123
115 116 117 118 119 120 121 122 123 124
116 117 118 119 120 121 122 123 124 125
117 118 119 120 121 122 123 124 125 126
118 119 120 121 122 123 124 125 126 127
119 120 121 122 123 124 125 126 127 128
